wind-2020-jan-13.json
{"header": { "discipline":0, "disciplineName":"Meteorological products", "gribEdition":2, "gribLength":77448, "center":7, "centerName":"US National Weather Service - NCEP(WMC)", "subcenter":0, "refTime":"2020-01-13T00:00:00.000Z", "significanceOfRT":1, "significanceOfRTName":"Start of forecast", "productStatus":0, "productStatusName":"Operational products", "productType":1, "productTypeName":"Forecast products", "productDefinitionTemplate":0, "productDefinitionTemplateName":"Analysis/forecast at horizontal level/layer at a point in time", "parameterCategory":2, "parameterCategoryName":"Momentum", "parameterNumber":2, "parameterNumberName":"U-component_of_wind", "parameterUnit":"m.s-1", "genProcessType":2, "genProcessTypeName":"Forecast", "forecastTime":0, "surface1Type":103, "surface1TypeName":"Specified height level above ground", "surface1Value":10.0, "surface2Type":255, "surface2TypeName":"Missing", "surface2Value":0.0, "gridDefinitionTemplate":0, "gridDefinitionTemplateName":"Latitude_Longitude", "numberPoints":65160, "shape":6, "shapeName":"Earth spherical with radius of 6,371,229.0 m", "gridUnits":"degrees", "resolution":48, "winds":"true", "scanMode":0, "nx":360, "ny":181, "basicAngle":0, "lo1":0.0, "la1":90.0, "lo2":359.0, "la2":-90.0, "dx":1.0, "dy":1.0 }, "data":
[rows 104 to 129 of 181, columns 0 to 57 of 360]
-3.7720923,-3.0920923,-2.7520924,-2.4720924,-2.9220922,-2.1420922,-2.5920923,-1.4320923,-1.1120923,-1.0720923,-1.2020923,-0.15209228,0.46790773,1.0279077,0.64790773,1.9779077,2.1379077,1.8479077,1.5979077,1.7579077,1.6379077,2.1179078,1.5679077,1.0579077,0.19790772,0.6779077,0.9779077,1.9279077,0.5279077,0.9479077,1.3779078,-1.1420922,-0.042092286,-0.052092284,1.6979077,1.0879077,-0.19209228,-0.21209228,0.08790772,-0.46209228,0.18790771,-2.6320922,-2.1420922,-2.1820922,0.14790772,0.51790774,0.7579077,0.5379077,-2.1920922,-0.19209228,0.7479077,-2.3520923,-3.3820922,-3.2220924,-3.0420923,-1.8120923,-0.6820923,-2.3320923
-4.242092,-3.5420923,-2.6620922,-2.3720922,-2.8320923,-2.3220923,-1.9320923,-2.1420922,-1.7820923,-1.0020922,-0.23209229,0.7179077,1.3079077,0.25790772,1.6679077,1.1179078,2.2579076,1.7179077,2.4879076,2.0779078,2.2679076,1.8879077,1.8479077,1.0379077,0.63790774,1.0879077,0.3279077,1.6879077,0.7179077,0.8579077,0.047907714,0.4279077,0.46790773,-0.13209228,-0.07209229,-0.31209227,-2.8920922,0.9079077,1.0479077,0.57790774,0.3079077,-0.85209227,-1.4120923,-0.28209227,-0.37209228,0.13790771,-0.4520923,0.7379077,-0.6320923,-0.91209227,0.8779077,-1.8220923,-3.0520923,-2.6520922,-2.3720922,-1.8520923,-1.9120923,-1.4220923
-4.572092,-3.5920923,-3.2720923,-2.5520923,-2.7520924,-2.1620922,-2.5920923,-2.4020922,-2.8320923,-1.1420922,-0.6420923,1.0079077,2.2279077,1.2679077,3.6379077,2.2579076,-0.92209226,1.8179077,1.6179078,-1.4820923,0.6579077,3.0279076,2.1779077,0.6779077,0.4879077,0.9279077,0.6279077,0.08790772,0.9379077,-1.2120923,-1.8920922,-0.09209228,-0.7820923,-0.3620923,0.5079077,-0.17209229,-1.0120922,0.9179077,1.8379077,-1.0120922,0.5079077,-1.2620922,-0.15209228,0.6179077,1.2979077,0.44790772,-0.4420923,-1.5720923,-1.3120923,-0.8120923,1.8679078,-2.5820923,-3.1120923,-3.1020923,-2.4320922,-1.6920923,-1.4120923,-1.8720922
-4.6520925,-4.0220923,-3.5520923,-3.0220923,-3.1420922,-3.0920923,-2.7020922,-2.6820922,-2.8420923,-2.1720922,-1.4220923,-1.0020922,1.8279077,1.8079077,2.3179078,2.6779077,1.2179077,0.10790771,-2.1320922,-2.0920923,-2.1820922,2.7979078,0.8779077,-1.2620922,-1.0020922,0.10790771,-0.032092284,-2.1020923,-3.8920922,-1.6720923,-0.6920923,-0.60209227,-0.7420923,-0.3220923,0.43790773,-1.0920923,-1.5420923,0.51790774,-0.5320923,-0.6220923,-0.2920923,0.7479077,0.9679077,1.3779078,2.3579078,-0.5920923,0.57790774,-0.8020923,-1.0520923,0.49790773,-1.7420923,-0.98209226,-1.0520923,-2.7920923,-3.3320923,-1.8220923,-3.1920922,-3.0220923
-4.5820923,-4.992092,-4.5820923,-4.392092,-3.6920922,-3.6120923,-3.5720923,-3.3820922,-3.0120924,-2.7020922,-2.9120922,-2.5520923,-1.0320923,0.3379077,2.6779077,0.07790771,-1.3420923,-1.4820923,-2.4020922,-0.7620923,-0.122092284,0.31790772,0.34790772,-0.9520923,-0.3920923,-4.222092,-0.4520923,-0.4420923,-1.7020923,-3.0720923,-3.6820922,-1.2120923,1.2279077,0.3579077,1.9479077,0.6079077,0.64790773,-1.0320923,-3.0120924,-2.3220923,-1.4720923,-0.5220923,0.43790773,1.3679078,0.7179077,0.89790773,0.51790774,-1.2320923,-0.34209228,1.0879077,-1.7920923,-1.4820923,-1.6920923,-2.2120924,-1.9620923,-2.5920923,-1.8120923,-2.2320924
-5.052092,-5.452092,-5.142092,-4.162092,-4.0820923,-3.7820923,-3.9720924,-4.5020924,-4.0220923,-3.5920923,-3.5020924,-2.5420923,-2.3720922,0.20790772,0.8579077,1.5979077,2.7279077,-3.4120922,-1.7520922,-0.17209229,0.10790771,-0.07209229,-0.20209229,-0.7620923,0.097907715,-1.6420922,-2.3120923,-2.2720923,-3.1220922,-2.7420924,-2.0020924,-2.7420924,-0.052092284,0.7479077,1.1379077,0.6179077,-0.47209227,-3.7920923,-3.9920924,-2.8920922,-2.0720923,-1.0820923,0.18790771,0.40790772,2.2679076,1.0679077,0.58790773,-1.5720923,0.5079077,0.5679077,-0.4420923,-3.0020924,-3.9920924,-3.7620924,-4.302092,-3.7020922,-4.3520923,-1.7720923
-5.1220922,-5.052092,-5.1120925,-4.6520925,-4.3120923,-4.642092,-4.6220922,-4.932092,-4.6320925,-3.2620924,-3.9020922,-3.3520923,-2.2020922,0.027907714,0.44790772,1.3379077,2.2679076,-4.182092,-0.042092286,-0.18209228,0.08790772,0.57790774,1.1079078,-0.002092285,-0.8720923,-1.9820923,-3.1820922,-3.1820922,-2.3820922,-2.7220924,-0.49209228,-1.5620923,0.17790772,0.46790773,0.9479077,-1.9020923,-4.7720923,-4.392092,-3.9920924,-2.9720924,-2.2820923,-0.122092284,1.0379077,0.7579077,0.4179077,-0.25209227,0.27790773,-0.49209228,0.5379077,0.20790772,-3.8620923,-2.9820924,-5.2320924,-4.782092,-3.5420923,-5.952092,-3.8720922,-5.9820924
-4.8320923,-4.742092,-4.6020923,-4.302092,-4.392092,-5.2320924,-5.0920925,-5.1320925,-4.6720924,-4.2320924,-4.2520924,-3.6720922,-2.2620924,0.40790772,0.3279077,2.4579077,-2.0520923,-0.9920923,-1.7420923,-1.1320922,2.2079077,1.2779077,0.31790772,-2.4620924,-2.1020923,-2.4920924,-3.8420923,-2.2320924,-2.1320922,-2.0820923,-1.6420922,-0.9320923,-3.7920923,-1.3120923,0.13790771,-1.5720923,-4.8720922,-5.2720923,-3.1120923,-1.9520923,-0.7220923,0.6079077,-0.062092286,1.6079078,-1.4120923,-0.6820923,-1.0020922,-0.54209226,0.3279077,-4.5920925,-5.992092,-6.1520925,-4.0920925,-2.6020923,-4.782092,-0.54209226,-3.3720922,-6.032092
-4.932092,-4.742092,-4.8320923,-4.742092,-4.782092,-5.282092,-5.1520925,-5.0820923,-4.8420925,-3.9120922,-3.6320922,-2.0520923,-2.4420922,0.40790772,3.8979077,1.2179077,-0.062092286,-0.5120923,-0.4420923,0.34790772,-2.0320923,-1.4120923,-2.4120922,-1.7720923,-1.1220922,-2.3020923,-2.1420922,-2.2520924,-2.4920924,-4.912092,-5.3320923,-2.7520924,-1.5020922,-2.6120923,-1.1620923,-0.19209228,-5.262092,-4.722092,-3.3920922,-1.7220923,-0.17209229,0.9479077,1.0979077,-0.082092285,-1.0220923,-0.8720923,-2.0820923,-0.5920923,1.3179077,-7.2520924,-5.552092,-4.5820923,-5.0820923,-6.5820923,-7.6720924,-8.572092,-7.3620925,-7.3620925
-5.0820923,-5.1920924,-4.932092,-4.5020924,-4.7920923,-5.2520924,-5.7920923,-6.492092,-5.7120924,-4.5820923,-4.4220924,-3.1520922,-2.0420923,-2.5520923,-0.7120923,1.7579077,0.017907714,0.6679077,-1.8620923,-3.3520923,-2.4220922,-2.8020923,-2.1920922,-2.1020923,-2.2120924,-2.2920923,-1.5720923,-1.7620922,-5.242092,-1.7420923,-1.9220923,-2.3620923,-3.1420922,-2.1620922,-1.4120923,-0.6820923,-5.3720922,-4.0920925,-4.8320923,-4.3520923,-2.8020923,-1.4320923,0.7779077,0.9479077,-1.0320923,-1.5220923,-2.8320923,-0.19209228,-2.6820922,-6.1920924,-5.932092,-6.182092,-6.3520923,-7.7920923,-8.172092,-8.212092,-7.822092,-6.8820925
-4.2120924,-4.1920924,-3.5420923,-3.7620924,-3.7620924,-4.262092,-4.452092,-4.8320923,-5.662092,-5.392092,-4.3420925,-4.4820924,-1.4320923,-2.4120922,-0.7020923,2.0579078,0.34790772,0.097907715,-2.8620923,-0.5120923,-2.6220922,-2.0220923,-0.5920923,-0.43209228,-1.9020923,-1.4120923,-1.1420922,-2.9820924,-2.8420923,-1.3020923,-2.2520924,-2.7520924,-0.9920923,-1.0220923,-0.9920923,-0.5120923,-4.0820923,-6.322092,-6.0020924,-6.032092,-6.532092,-5.2520924,-4.7720923,-2.2720923,-0.15209228,-1.8620923,-0.7720923,-0.28209227,-3.7620924,-6.4820924,-6.702092,-6.802092,-6.0820923,-10.382092,-8.932093,-7.512092,-7.4620924,-7.6320925
-2.8120923,-2.9620924,-2.4720924,-1.6820923,-3.2320924,-3.4520922,-3.5320923,-4.3320923,-4.4620924,-5.532092,-4.4020925,-4.8720922,-4.432092,-1.5920923,-0.5520923,0.5979077,-2.2620924,-3.0720923,-0.20209229,1.9179077,-0.9520923,0.6679077,0.6579077,0.9679077,0.5079077,-1.4120923,1.0579077,-4.892092,-1.9920923,-2.4620924,-0.5520923,0.5079077,0.9779077,0.3279077,-4.0020924,-7.142092,-5.762092,-7.0920925,-7.0220923,-8.022092,-8.672092,-7.802092,-8.952092,-8.322092,-5.5020924,-5.162092,-2.2620924,-2.6220922,-7.4220924,-7.4220924,-7.822092,-7.822092,-9.382092,-9.872092,-9.302093,-7.8820925,-7.5920925,-8.5920925
-2.2820923,-1.8020923,-1.6720923,-2.4720924,-3.0020924,-3.7320924,-3.7220924,-3.9620924,-4.412092,-5.2320924,-5.222092,-4.3820925,-4.5620923,-4.4220924,-2.1520922,-0.5020923,-0.002092285,-2.6320922,-0.25209227,0.64790773,-0.24209228,2.1179078,0.017907714,2.3779078,0.07790771,0.12790771,-0.49209228,-1.6520923,-2.2920923,-2.1820922,-0.5520923,-0.23209229,0.6979077,-1.3420923,-3.6820922,-6.3720922,-5.552092,-7.162092,-8.402092,-8.202092,-9.322092,-9.442092,-9.292092,-10.192092,-12.102093,-12.402092,-10.412092,-9.462092,-9.312092,-9.702092,-9.772092,-8.952092,-8.542092,-10.142093,-8.822092,-7.952092,-7.8120923,-8.582092
-2.3420923,-1.8820922,-1.8420923,-2.8320923,-2.5820923,-3.5420923,-4.4420924,-5.052092,-5.4420924,-5.552092,-5.782092,-5.642092,-4.0920925,-4.432092,-5.282092,-3.2120924,-3.7820923,0.027907714,0.63790774,4.3879075,2.6679077,0.8579077,-3.0920923,2.6879077,-0.2620923,2.4879076,-2.3220923,-2.7820923,-5.0020924,-2.1720922,-1.0320923,-1.0620923,0.13790771,-1.2920923,-5.222092,-5.5020924,-6.302092,-7.6920924,-7.822092,-7.3820925,-8.392093,-9.952092,-9.552093,-9.872092,-10.362092,-9.602093,-10.032092,-11.132092,-10.782092,-9.582092,-8.782092,-8.602093,-10.402092,-9.272092,-8.242092,-7.8120923,-8.382092,-9.522092
-1.4920923,-1.7620922,-1.8720922,-2.1720922,-3.1120923,-3.6020923,-4.0620923,-4.8520923,-5.0820923,-5.1120925,-5.162092,-5.2520924,-5.262092,-4.6320925,-3.7620924,-4.7720923,-3.9920924,0.8679077,1.8979077,2.1779077,0.017907714,1.8179077,2.6379077,2.8579078,4.3779078,0.7879077,-4.3620925,-3.0020924,-7.572092,-2.5520923,0.47790772,0.3379077,0.5479077,-1.1120923,-3.6620922,-5.0620923,-6.222092,-7.6520925,-7.2120924,-7.7120924,-7.1220922,-8.642093,-8.962092,-9.512093,-9.532092,-9.872092,-9.8420925,-9.892093,-9.5920925,-8.512093,-8.262093,-8.732092,-9.032092,-8.812092,-7.722092,-8.052093,-8.852093,-9.992092
0.027907714,-1.0820923,-1.3320923,-2.2020922,-2.4920924,-2.8320923,-3.3520923,-3.4920924,-4.1120925,-4.5020924,-4.512092,-4.642092,-4.9820924,-4.662092,-3.8920922,-3.4420922,-2.4420922,0.17790772,1.0079077,-0.4420923,-0.21209228,-0.43209228,-1.4120923,1.6279078,-0.61209226,-1.1920923,-5.8120923,-2.4720924,-2.3720922,0.64790773,-0.8120923,0.31790772,-1.2720923,-0.92209226,-2.7120924,-4.1020923,-5.7520924,-5.892092,-5.3520923,-7.702092,-7.472092,-8.3420925,-7.7320924,-8.042092,-8.692092,-8.072092,-9.062092,-8.912092,-8.972093,-9.042092,-9.272092,-7.742092,-8.122092,-8.992092,-7.9220924,-8.282092,-8.162092,-9.642093
1.1479077,-0.4220923,0.19790772,-1.4020923,-0.9620923,-2.0020924,-1.7820923,-2.5320923,-2.9220922,-3.7120924,-3.7720923,-3.1020923,-3.4620924,-3.9820924,-3.3720922,-2.9520922,-2.0620923,-2.1520922,-0.052092284,-0.24209228,3.1579077,-2.2020922,-8.732092,-4.9020925,-7.4020925,-7.0020924,-6.532092,-1.9320923,-1.1520923,1.4579077,0.28790772,0.7979077,-2.3720922,0.15790771,-2.2020922,-2.5920923,-3.4220922,-4.4620924,-5.5620923,-6.4220924,-8.482092,-6.3320923,-7.7720923,-7.0220923,-7.472092,-7.0820923,-7.912092,-9.0920925,-8.892093,-8.792092,-9.012093,-8.742092,-9.122092,-8.652092,-7.802092,-6.552092,-7.932092,-8.402092
0.5279077,1.0979077,0.64790773,0.6579077,0.097907715,0.34790772,-0.28209227,-0.07209229,-0.9920923,-2.4220922,-2.7720923,-1.9320923,-1.0420923,-2.5720923,-2.8220923,-2.5520923,-1.4220923,-0.9420923,0.4179077,1.0279077,-1.8320923,-5.7120924,-6.2320924,-4.1520925,-6.9620924,-5.552092,-2.2820923,-0.7520923,-0.8820923,-0.11209229,1.3679078,-4.052092,-1.0720923,0.037907716,-1.1120923,-1.5720923,-3.0420923,-3.6820922,-5.1720924,-6.1520925,-4.802092,-6.6020923,-6.912092,-6.202092,-6.642092,-7.2320924,-8.302093,-8.822092,-8.482092,-7.262092,-7.5820923,-7.2320924,-7.5220923,-7.932092,-8.002092,-7.6320925,-7.162092,-6.9020925
2.0779078,1.5579077,1.8679078,1.5379077,2.2079077,1.6179078,3.4779077,2.9979076,1.3079077,-1.9520923,-1.6720923,-0.3620923,-0.6520923,-2.1120923,-2.1220922,-1.6520923,-1.4120923,0.13790771,2.7979078,1.7179077,-1.5120922,-5.7920923,-1.4520923,0.22790772,-3.2920923,-1.1420922,-1.9820923,-0.47209227,-0.4820923,1.3179077,-4.8620925,-5.9220924,-3.8120923,-2.2520924,-1.3720922,-1.2120923,-2.3220923,-3.9320922,-4.302092,-4.392092,-5.3520923,-4.9020925,-5.682092,-5.8420925,-6.2120924,-6.8520923,-7.162092,-7.7320924,-7.1020923,-6.2920923,-5.762092,-5.5920925,-6.242092,-6.5020924,-6.642092,-6.5820923,-6.5820923,-7.0420923
4.2879076,3.3379078,2.3879077,1.7579077,-0.46209228,1.5179077,3.2379076,4.3079076,2.3379078,-2.1920922,-0.7620923,0.06790771,0.6279077,-0.7220923,-1.0220923,-1.2020923,-1.5820923,-0.98209226,0.43790773,1.0679077,-1.2820923,-2.0820923,-1.4920923,-3.7820923,-4.0920925,-3.0120924,-2.5220923,-0.28209227,2.7779076,-5.3820925,-5.7720923,-5.3520923,-2.4520922,-1.5720923,-0.122092284,-0.85209227,-1.9420923,-3.1420922,-2.7820923,-3.7020922,-3.6620922,-3.5620923,-4.8320923,-4.1020923,-4.5620923,-5.392092,-5.9820924,-5.6520925,-5.0420923,-4.8520923,-4.2920923,-4.6920924,-5.0020924,-4.722092,-4.822092,-4.9620924,-5.0820923,-5.202092
4.1279078,3.9479077,2.6479077,1.4779077,2.3079078,3.2479076,4.0379076,4.817908,-2.1420922,-0.98209226,-0.7520923,-0.85209227,-0.67209226,-0.6320923,-0.98209226,-1.4420923,-2.1220922,-2.9620924,-5.282092,-3.0320923,-0.5920923,-1.1720923,-1.4020923,-0.07209229,-0.8920923,-0.5120923,-5.492092,-5.4020925,-4.8120923,-4.6020923,-4.9420924,-2.8020923,-1.9020923,-1.9720923,-0.91209227,-0.27209228,-1.1520923,-1.1720923,-1.5720923,-1.5520923,-1.4820923,-2.3320923,-1.3320923,-2.7920923,-2.0920923,-2.7520924,-3.3020923,-3.2120924,-3.3420923,-3.4620924,-3.5720923,-3.5020924,-3.1820922,-3.0520923,-2.8920922,-3.0020924,-3.1120923,-3.3120923
3.3079078,3.1479077,3.0379076,2.5779078,2.4379077,3.4079077,2.7579076,-1.1720923,-1.5220923,-0.49209228,0.3979077,-0.17209229,-1.1220922,-0.73209226,-0.8020923,-1.3720922,-1.4320923,-3.1320922,-5.1020923,-5.8420925,-3.3820922,-2.5120924,-4.912092,-6.0020924,-5.6720924,-5.8620925,-4.4420924,-4.3420925,-3.6420922,-2.3320923,-3.2720923,-3.2620924,-2.4120922,-2.5920923,-3.7920923,-3.2820923,-0.5320923,-0.6920923,0.47790772,0.34790772,-0.3220923,-0.4220923,0.23790771,0.4579077,-0.24209228,-0.6220923,-0.5520923,-0.9420923,-1.0920923,-1.3620923,-1.5420923,-2.1320922,-1.9520923,-2.3520923,-2.3620923,-2.0620923,-1.7920923,-1.6220922
4.8779078,3.8879077,3.7179077,3.5079076,2.2979078,3.7479076,3.0279076,0.3879077,-0.002092285,0.34790772,1.8379077,1.0179077,0.4579077,-0.4520923,-0.6320923,-1.0720923,-1.5220923,-2.3820922,-3.4220922,-4.242092,-4.3320923,-3.7920923,-6.052092,-8.162092,-6.782092,-5.6320925,-3.9420922,-4.1920924,-3.9220922,-3.2420924,-2.3220923,-2.6520922,-2.6620922,-2.9420922,-3.9420922,-4.492092,-5.662092,-4.8720922,-3.6920922,-1.8820922,2.2679076,1.5979077,1.9279077,1.3979077,1.4379077,2.3579078,1.3279077,0.6179077,0.6879077,0.47790772,0.24790771,-0.042092286,-0.21209228,-0.4120923,-0.2620923,-0.28209227,-0.122092284,0.12790771
3.8279078,5.4179077,3.5579078,4.067908,3.2279077,2.9479077,3.5879078,2.1579077,1.1679077,1.9179077,0.5479077,1.4779077,1.9979078,0.13790771,0.34790772,-0.24209228,0.08790772,-1.3520923,-3.2820923,-3.7920923,-3.6020923,-5.5420923,-7.782092,-7.0420923,-6.5920925,-5.3620925,-4.4620924,-4.1720924,-3.5320923,-4.5620923,-3.7620924,-1.8920922,-1.1220922,-1.8620923,-2.0420923,-1.9820923,-2.5020924,-2.6020923,-2.1120923,-1.4020923,-0.10209229,0.7879077,2.9879076,3.9479077,3.2379076,3.1479077,3.4079077,3.0179076,2.3579078,2.4979076,2.1479077,1.6479077,1.7979077,2.1079078,2.1179078,1.6379077,1.6579077,1.9579077
3.5779078,4.3979077,5.967908,3.9379077,3.0579078,2.9279077,3.5079076,2.2779076,2.9179077,3.0979078,1.6179078,1.7779077,2.5779078,2.3779078,2.0779078,1.9179077,0.9179077,0.23790771,-1.1820923,-1.9420923,-2.2520924,-2.5720923,-3.7720923,-3.0620923,-3.2720923,-3.2620924,-3.9020922,-4.432092,-4.282092,-3.5920923,-4.242092,-4.452092,-2.4020922,0.7779077,0.43790773,1.1679077,1.6979077,1.2279077,1.6779077,2.0279076,2.4479077,2.7279077,3.7079077,4.8779078,6.8879075,4.5179076,4.007908,2.5179076,2.8079078,3.4779077,3.9379077,3.3679078,3.5079076,4.1679077,4.3979077,4.3079076,4.4979076,4.5779076
5.5579076,5.3479075,4.967908,3.8379078,3.8079078,4.047908,4.2679076,5.277908,3.6979077,3.8579078,4.3079076,1.9379077,3.2379076,3.8879077,3.6479077,3.8879077,3.1279078,0.9879077,1.0579077,-0.5120923,-0.9420923,-0.8420923,-1.3020923,-1.7120923,-1.1520923,-1.8520923,-2.0620923,-2.4520922,-3.4520922,-3.5120924,-3.6920922,-4.6020923,-4.2520924,-3.9120922,-1.2920923,3.0179076,3.6079078,3.9379077,4.2679076,4.0179076,4.4079075,4.027908,3.6879077,5.427908,6.177908,6.777908,5.6279078,2.3679078,2.4879076,1.5979077,3.4179077,3.2479076,4.067908,4.8979077,3.5879078,-0.22209229,-0.11209229,-0.13209228
