wind-2020-jan-13.json
{"header": { "discipline":0, "disciplineName":"Meteorological products", "gribEdition":2, "gribLength":77484, "center":7, "centerName":"US National Weather Service - NCEP(WMC)", "subcenter":0, "refTime":"2020-01-13T00:00:00.000Z", "significanceOfRT":1, "significanceOfRTName":"Start of forecast", "productStatus":0, "productStatusName":"Operational products", "productType":1, "productTypeName":"Forecast products", "productDefinitionTemplate":0, "productDefinitionTemplateName":"Analysis/forecast at horizontal level/layer at a point in time", "parameterCategory":2, "parameterCategoryName":"Momentum", "parameterNumber":3, "parameterNumberName":"V-component_of_wind", "parameterUnit":"m.s-1", "genProcessType":2, "genProcessTypeName":"Forecast", "forecastTime":0, "surface1Type":103, "surface1TypeName":"Specified height level above ground", "surface1Value":10.0, "surface2Type":255, "surface2TypeName":"Missing", "surface2Value":0.0, "gridDefinitionTemplate":0, "gridDefinitionTemplateName":"Latitude_Longitude", "numberPoints":65160, "shape":6, "shapeName":"Earth spherical with radius of 6,371,229.0 m", "gridUnits":"degrees", "resolution":48, "winds":"true", "scanMode":0, "nx":360, "ny":181, "basicAngle":0, "lo1":0.0, "la1":90.0, "lo2":359.0, "la2":-90.0, "dx":1.0, "dy":1.0 }, "data":
[rows 50 to 74 of 181, columns 116 to 173 of 360]
-2.5023804,-4.14238,-2.1423805,-2.3423803,-3.2423804,-1.0223804,0.26761964,-0.32238036,-1.0923804,-1.1623803,-1.4823804,-0.8123804,-1.4123803,-3.4223804,-1.2423804,-3.0423803,-6.0123806,-6.7523804,-5.8723803,-5.1123805,-4.3723803,-4.45238,-6.0023804,-6.16238,-2.6723804,-0.37238038,-2.6823804,-5.8123803,-5.3323803,-5.43238,-0.7223804,-1.6823803,-2.4423804,-4.7523804,-5.7723804,-4.7623806,-4.9023805,-5.0423803,-4.6323805,-1.5723804,0.73761964,-0.7223804,18.06762,15.987619,13.59762,13.687619,12.16762,8.977619,5.50762,1.0876197,-1.7823803,-4.7923803,-4.2623806,-2.3423803,-2.9823804,-0.41238037,-0.40238038,4.2676196
-1.4023803,-3.3923805,-4.7723804,-5.41238,-2.5823803,-0.6223804,-1.1823803,-4.2523804,-5.7123804,-7.1723804,-0.51238036,2.1176195,3.8876197,-1.1623803,-2.3123803,-4.16238,-2.2223804,-4.16238,-4.4623804,-4.16238,-4.64238,-6.3423805,-7.4823804,-8.3823805,-0.77238035,-0.7223804,-4.2323804,-4.4623804,-3.3623803,-3.9423804,-3.4623804,-3.8323803,-2.9923804,-3.8123803,-4.2723804,-6.4823804,-8.15238,-8.71238,-5.99238,-5.4423804,-3.8823805,15.96762,15.13762,14.62762,14.91762,13.50762,11.727619,8.777619,5.5976195,2.1176195,-1.7023804,-4.45238,-3.7723804,-4.47238,-2.5823803,-1.5323803,-0.23238038,1.4876196
-2.0423803,-2.3323803,-2.5723803,-0.21238036,-0.90238035,-2.8823805,-1.4423804,-3.2923803,-6.89238,-6.9023805,-1.5123804,0.07761963,2.0976195,-0.65238035,-2.1423805,-2.7523804,-0.95238036,0.027619628,-1.7823803,-3.2123804,-5.8523803,-6.7923803,-6.8323803,-3.0023804,-0.21238036,-5.45238,-4.5023804,-3.4723804,-3.9623804,0.13761963,-2.5023804,-0.69238037,-2.7923803,-5.1123805,-8.90238,-8.562381,-9.272381,-8.66238,-6.2623806,14.63762,14.227619,15.01762,15.3676195,14.66762,13.407619,11.45762,9.34762,7.1576195,4.4776196,1.6676196,-1.4023803,-3.3923805,-5.6223803,-4.7923803,-3.8723803,-3.7523804,-1.6823803,-2.7223804
-1.8123803,-1.5923804,-1.0623803,-0.70238036,0.09761963,0.32761964,0.07761963,-2.1923804,-6.3123803,-7.2823806,-5.7723804,-2.9323804,0.18761963,-0.84238034,-3.4223804,-4.1223803,-3.9223804,-1.9523804,-2.7123804,-5.41238,-6.5323806,-3.1223803,1.5676197,-0.94238037,-1.1823803,-4.8723803,-0.29238036,-2.4223804,-3.5223804,-5.0623803,-2.7823803,-6.8823805,-7.7823806,-8.41238,-7.8023806,-6.8023806,-8.50238,-5.39238,15.25762,17.43762,16.39762,13.697619,14.13762,13.07762,10.817619,9.607619,7.7076197,5.4376197,1.8876196,-1.2323804,-3.4523804,-5.2723804,-5.5923805,-5.8823805,-6.5423803,-5.2123804,-6.0723805,-7.1523805
-1.7823803,0.017619628,0.12761962,-0.39238036,-0.69238037,-2.7223804,-3.1623805,-4.2523804,-5.6523805,-6.1323805,-5.5923805,-2.3723803,-1.0423803,-1.2523804,-4.6123805,-4.1123805,-2.5123804,1.8876196,0.6276196,-3.7323804,-3.1623805,0.17761964,3.5176196,0.86761963,0.057619628,-3.8023803,-3.2923803,-5.14238,-6.8523803,-9.852381,-10.11238,-8.842381,-12.75238,2.1176195,-1.5123804,-4.20238,0.8176196,11.76762,15.32762,17.73762,14.6176195,13.92762,13.17762,11.50762,9.41762,7.02762,5.8676195,3.3276196,0.33761963,-1.3223804,-2.7923803,-5.7623806,-6.9823804,-7.5723805,-7.8323803,-8.87238,-8.92238,-5.89238
-1.2323804,-0.21238036,0.15761963,-0.45238036,-0.24238037,-2.2423804,-2.6423805,-4.3023806,-4.99238,-6.1723804,-5.8423805,-2.8523803,0.28761962,-1.4923804,-4.0223804,-3.7623804,-0.7223804,0.5676196,1.1976197,1.9076196,2.2176197,-0.18238038,-0.41238037,1.0676197,-0.44238037,1.7276196,1.6776196,-2.3923805,-4.45238,-5.6523805,-6.91238,-0.46238038,5.8776197,2.3976197,3.6776197,2.4376197,6.50762,12.26762,13.37762,14.34762,13.92762,13.51762,11.697619,9.70762,6.9776196,6.56762,3.5576196,1.3276197,-0.5423804,-2.1923804,-4.9223804,-6.9223804,-8.6323805,-8.90238,-10.682381,-11.15238,-8.73238,-2.9823804
0.49761963,0.79761964,0.25761962,1.1176196,1.4976196,-0.8723804,-2.2123804,-4.2823806,-5.6123805,-6.14238,-6.4023805,-8.272381,-7.2723804,-5.3823805,-3.0223804,-1.1923804,-0.6823804,0.8976196,-0.07238037,-5.20238,-1.4923804,-1.9023803,-4.5623803,-2.1523805,0.5876196,-1.0023804,-3.0223804,-3.1323805,-4.3123803,-3.6123803,-4.4623804,-2.7923803,-1.3323804,8.04762,8.13762,12.30762,12.027619,11.53762,12.16762,13.897619,13.96762,12.357619,10.237619,7.77762,6.1276197,3.3476195,1.1576196,-1.1523803,-2.8423803,-4.2123804,-6.7923803,-8.272381,-8.95238,-10.272381,-11.512381,-9.50238,-5.7323804,-5.8723803
1.0276196,-0.5423804,0.5076196,1.9876196,1.6176196,0.0076196287,-1.5723804,-2.9923804,-4.0423803,-6.1023803,-8.45238,-6.66238,-8.29238,-6.8023806,-2.3923805,0.59761965,-1.8623804,-1.7223804,-3.4823804,-2.1423805,-5.64238,-6.4023805,-4.68238,-3.2323804,-2.7723804,-4.1023803,-1.8723804,-3.3623803,-4.3723803,-5.68238,-4.2123804,-4.9223804,3.5076196,7.1276197,9.21762,12.37762,9.657619,9.41762,10.91762,13.08762,11.87762,10.34762,7.6776195,5.9876194,3.0476196,1.2876196,-0.9123804,-3.1923804,-5.0623803,-5.7523804,-8.15238,-8.98238,-9.86238,-11.472381,-10.32238,-7.2823806,-9.1323805,4.0776196
0.12761962,-0.37238038,1.0376196,0.31761962,0.6976196,0.3876196,-1.8723804,-3.3323803,-5.5523806,-6.0323806,-6.3823805,-6.89238,-5.5023804,-7.4223804,-7.74238,-1.7323804,-1.8423804,-6.9623804,-6.6523805,-5.7823806,-5.4023805,-5.6323805,-6.7823806,-5.5923805,-4.4023805,-1.7723804,-0.9123804,-2.3623803,-5.68238,-4.8823805,-4.72238,-2.0923803,4.79762,9.12762,12.24762,12.46762,10.29762,9.277619,9.197619,11.477619,10.34762,8.6176195,6.1676197,3.6276197,1.5776197,-0.13238037,-2.7023804,-4.0823803,-6.2323804,-7.70238,-8.892381,-10.262381,-11.03238,-10.17238,-7.5823803,-13.50238,4.4576197,4.1276197
0.22761963,-0.9323804,-1.1123804,0.3876196,2.5676196,0.5276196,-1.9923804,-4.0723805,-5.2623806,-5.2523804,-6.0223804,-6.9623804,-8.58238,-7.7123804,-8.74238,-3.8023803,-5.20238,-3.9623804,-6.8123803,-6.70238,-6.8623805,-7.1023803,-6.2723804,-4.8723803,-4.1223803,-3.8423803,-4.0723805,-4.3123803,-5.2323804,-3.8623803,-2.9623804,-1.2223804,5.7376194,10.067619,10.32762,9.687619,8.95762,7.7076197,6.6676197,10.857619,8.92762,6.7376194,4.3976197,2.4476197,-0.11238037,-1.1123804,-4.43238,-5.1523805,-7.2123804,-9.08238,-9.552381,-10.302381,-9.522381,-10.062381,-7.0523806,-0.18238038,2.8076196,8.42762
-2.7023804,0.027619628,0.41761962,0.60761964,0.8876196,1.2776196,-2.5123804,-4.97238,-4.7723804,-6.1723804,-7.74238,-7.2923803,-7.2823806,-7.5823803,-9.24238,-9.092381,-6.99238,-6.0223804,-4.5923805,-6.1323805,-7.66238,-7.8823805,-7.2923803,-6.3323803,-5.2923803,-5.1223803,-4.7123804,-5.4423804,-5.47238,-4.8323803,-3.7823803,0.7476196,5.9576197,8.50762,7.9476194,8.17762,7.1276197,5.9676194,5.2876196,6.1876197,6.9176197,4.9876194,2.7376196,0.12761962,-1.9723804,-3.1923804,-5.1723804,-6.0623803,-7.64238,-8.182381,-8.102381,-9.11238,-7.20238,-6.14238,-3.2523804,-1.0523803,-1.4523804,7.8676195
-1.4323803,-0.64238036,0.7076196,-0.70238036,-0.46238038,-0.63238037,-4.8423805,-3.4823804,-4.2923803,-5.1523805,-5.9023805,-6.3523803,-7.5823803,-7.1123805,-7.70238,-4.8823805,-8.302381,-7.49238,-7.5423803,-6.66238,-8.04238,-7.8223805,-7.66238,-6.7623806,-4.6223803,-4.8723803,-5.18238,-5.7723804,-5.6923804,-6.3423805,-1.8223804,3.8276196,7.2276196,6.8876195,5.56762,6.4176197,5.0376196,3.8376195,3.0276196,4.1376195,4.9476194,2.7476196,0.79761964,-1.1423804,-3.2223804,-4.3223805,-4.8023806,-6.0823803,-5.89238,-5.6723804,-6.2923803,-7.0523806,-7.0023804,-2.1723804,-3.5723803,-4.9823804,4.6676197,6.9376197
-0.11238037,0.53761965,1.9076196,-0.51238036,1.1176196,-2.9923804,-4.7723804,-2.9923804,-4.1123805,-5.3723803,-5.5623803,-6.2823806,-7.18238,-7.4023805,-7.0823803,-7.6123805,-6.66238,-7.2923803,-8.11238,-7.8423805,-7.64238,-7.6723804,-7.4223804,-6.0823803,-6.5823803,-5.41238,-5.49238,-4.9223804,-6.5723805,-2.0823803,3.8676195,6.00762,5.9976196,4.6476197,5.1376195,4.6476197,2.9776196,1.4876196,0.7076196,3.0276196,3.7076197,0.20761962,-1.2023804,-2.8323803,-3.9823804,-5.5423803,-5.5223804,-6.0623803,-5.43238,-5.2123804,-5.5323806,-6.0023804,-5.5123806,-3.7623804,-3.8123803,-2.3623803,4.3976197,5.5376196
0.80761963,1.0076196,0.027619628,0.8976196,-1.4623804,-7.6923804,-6.6223803,-5.68238,-5.6223803,-5.4823804,-6.66238,-6.1223803,-5.5823803,-5.2923803,-6.5023804,-7.0323806,-6.0423803,-8.00238,-8.562381,-9.19238,-9.092381,-9.33238,-8.57238,-7.8023806,-6.1023803,-5.3723803,-5.7823806,-6.9023805,-1.0923804,5.0776196,5.1176195,5.1576195,4.77762,4.08762,4.08762,1.9676197,2.4076197,0.09761963,1.3276197,1.3176197,0.79761964,-1.6923804,-2.4923804,-4.0323806,-4.7323804,-5.8523803,-6.3223805,-6.1023803,-5.8023806,-5.41238,-5.74238,-6.1723804,-5.95238,-5.74238,-5.0223804,-3.0323803,5.75762,6.1676197
0.34761962,0.45761964,0.10761963,-0.5023804,-9.312381,-8.21238,-6.1123805,-7.4023805,-6.39238,-6.3823805,-5.3823805,-3.8023803,-6.4223804,-6.4423804,-6.8323803,-7.8123803,-6.7523804,-7.6023803,-9.1323805,-9.25238,-9.73238,-8.69238,-6.9423804,-6.4423804,-6.6223803,-8.45238,-5.0223804,-0.02238037,4.7276196,4.31762,4.9276195,3.7476196,3.1676197,3.3776197,1.6076196,0.78761965,1.3076196,-0.3623804,-1.2123804,-1.1423804,-1.4623804,-2.6623805,-3.4523804,-4.68238,-5.1523805,-6.1323805,-6.3623805,-6.4423804,-6.7123804,-5.91238,-5.8323803,-5.9223804,-5.4823804,-5.66238,-4.2123804,-2.9723804,4.9076195,3.6576197
-0.3623804,-0.12238037,-0.63238037,-7.0223804,-10.96238,-5.6923804,-5.49238,-6.2923803,-6.3623805,-4.0623803,-6.2323804,-6.5423803,-5.14238,-6.3123803,-5.8223805,-6.3723803,-8.102381,-6.93238,-8.642381,-8.41238,-7.9023805,-8.25238,-7.68238,-9.24238,-5.6223803,-3.0323803,2.2176197,3.2676196,3.6376197,3.6176195,2.4176197,1.8376197,1.2676196,0.07761963,-0.5523804,-1.3423804,-1.1023804,-0.8723804,-1.4423804,-2.6523805,-3.2423804,-3.8923805,-4.0923805,-4.6323805,-5.68238,-5.70238,-6.45238,-6.2723804,-6.24238,-6.3623805,-6.41238,-6.2523804,-5.9223804,-5.8723803,-3.1023803,3.1476197,4.75762,5.1676197
-0.48238036,-0.22238037,-6.0723805,-11.48238,-10.352381,-0.41238037,-8.40238,-6.66238,-5.39238,-6.2123804,-6.8123803,-6.5823803,-6.0823803,-6.74238,-8.20238,-7.6923804,-7.7323804,-8.65238,-7.93238,-7.8823805,-8.022381,-7.0223804,-6.91238,-6.45238,-1.8623804,1.3576196,2.5776196,2.4876196,1.7876196,1.4776196,0.79761964,0.34761962,-0.002380371,-1.1223804,-1.0323803,-1.5323803,-1.6923804,-2.4423804,-3.0923803,-3.1823804,-4.3623805,-4.66238,-5.0223804,-4.9823804,-4.95238,-5.39238,-6.2523804,-6.14238,-6.24238,-6.45238,-6.0223804,-5.6523805,-5.99238,-6.24238,-0.032380372,3.5776196,5.4876194,7.4676194
-1.9723804,-6.3123803,-9.29238,-11.24238,-9.6323805,0.40761963,-6.91238,-5.66238,-6.74238,-6.5623803,-8.29238,-8.11238,-10.012381,-9.022381,-8.86238,-8.392381,-7.5923805,-7.2323804,-5.3623805,-6.7123804,-5.8423805,-7.8623805,-4.91238,2.0976195,0.7076196,0.55761963,0.9976196,0.06761963,0.3876196,0.25761962,0.41761962,-0.9223804,-0.8023804,-1.3023803,-1.8223804,-2.8323803,-2.3323803,-3.6723804,-4.7323804,-4.5723805,-5.1223803,-4.7523804,-5.5323806,-4.9423804,-5.91238,-6.0723805,-5.8723803,-5.8723803,-6.1323805,-5.93238,-6.18238,-5.3423805,-6.2623806,-2.3223803,0.44761962,1.7776196,2.7576196,2.5376196
-5.6523805,-7.5523806,-9.522381,-10.48238,-10.65238,-10.90238,-8.07238,-8.302381,-8.78238,-8.472381,-8.552381,-6.5323806,-6.0423803,-5.8723803,-4.2123804,-3.6923804,-3.8723803,-6.1323805,-7.0023804,-6.95238,-7.0223804,-4.4223804,0.9576196,1.4676197,1.1876197,-0.32238036,-0.6823804,0.057619628,-0.5423804,-0.7923804,-1.1723803,-1.8723804,-2.0523803,-2.3923805,-2.6523805,-3.4123805,-4.0723805,-4.24238,-5.6923804,-6.2123804,-6.4623804,-6.1723804,-5.0923805,-5.7123804,-6.6723804,-5.93238,-5.93238,-5.70238,-4.5523806,-2.9523804,-3.0223804,-2.9123805,-4.1223803,-1.8423804,-0.31238037,0.0076196287,2.8376195,4.8476195
-6.3723803,-9.852381,-10.12238,-10.092381,-8.642381,-10.87238,-9.772381,-7.3523803,-6.0123806,-5.0923805,-2.0423803,-0.78238034,-0.63238037,-3.5723803,-3.7323804,-4.3223805,-6.6023803,-6.95238,-7.4623804,-7.3623805,-0.02238037,1.6976197,1.0176196,0.5676196,-1.0923804,-1.7123804,-1.6723803,-1.0423803,-1.6823803,-2.4023805,-2.4523804,-2.8123803,-3.2623804,-3.5923803,-3.9423804,-4.0923805,-4.2523804,-5.4823804,-5.3223805,-5.6323805,-5.99238,-6.2723804,-5.14238,-5.8623805,-6.1123805,-5.2123804,-4.9823804,-4.18238,-4.39238,-2.9123805,-4.16238,-4.0623803,-2.7623804,-1.0323803,0.66761965,1.4376197,2.9876196,4.3876195
-7.4023805,-9.3823805,-10.432381,-11.262381,-11.82238,-10.762381,-7.45238,-7.3823805,-3.9723804,-0.57238036,-1.6723803,-1.6123804,-4.0623803,-4.3623805,-4.5923805,-7.2823806,-6.1523805,-6.5123806,-7.89238,-1.8723804,-0.94238037,-1.7723804,-1.4023803,-1.5623803,-1.7623804,-1.5623803,-0.9723804,-1.7923803,-2.0923803,-2.3923805,-2.1223803,-2.5823803,-2.6423805,-2.7423804,-3.2923803,-4.7123804,-5.7923803,-6.3623805,-6.5523806,-6.93238,-6.2923803,-7.0423803,-5.6223803,-5.7823806,-6.1723804,-6.5123806,-2.0523803,-3.9423804,-4.8623805,-4.3623805,-3.9323804,-3.0323803,-0.33238038,0.84761965,0.06761963,-1.3323804,2.8676195,4.27762
-8.472381,-9.852381,-11.6323805,-11.722381,-10.512381,-7.7123804,-6.9023805,-2.6823804,-2.8223803,-2.7423804,-2.7523804,-4.1123805,-3.3323803,-4.7623806,-5.3623805,-5.6723804,-6.5923805,-5.8223805,-4.6123805,-1.9523804,-0.33238038,-2.6623805,-1.6923804,-1.8623804,-2.2023804,-1.9123803,-1.5223804,-1.4523804,-1.4223803,-1.9123803,-2.4423804,-2.4923804,-2.6123803,-3.3623803,-4.0423803,-4.49238,-5.6223803,-6.4423804,-6.4023805,-6.6523805,-7.7123804,-7.24238,-7.0423803,-6.74238,-6.3523803,-5.4823804,-3.8423803,-4.4423804,-4.1923804,-4.6023803,-2.5923803,-2.5223804,-1.2023804,-1.3523804,-0.6823804,-0.092380375,2.6576197,1.3476197
-9.46238,-11.312381,-12.052381,-11.762381,-10.592381,-0.15238038,-0.41238037,0.31761962,-0.9923804,-3.0123804,-3.1023803,-3.2623804,-5.20238,-5.5723805,-5.70238,-5.3623805,-5.9823804,-7.3823805,-6.2723804,-2.5523803,-0.6023804,0.9976196,-1.1123804,-1.5423803,-2.1523805,-2.0223804,-2.0723803,-1.4623804,-1.8423804,-2.4123805,-2.4723804,-2.5223804,-3.6523805,-3.0223804,-4.0723805,-4.8123803,-5.7723804,-5.6223803,-6.74238,-7.7323804,-8.42238,-7.8123803,-6.5123806,-5.3423805,-5.5923805,-5.5023804,-5.0623803,-5.1323805,-5.1223803,-3.4623804,-2.6323805,-2.5123804,-1.9723804,-2.0523803,0.8176196,2.0676196,4.3076196,3.9476197
-10.36238,-11.472381,-11.54238,-10.44238,-6.6223803,-0.5423804,-1.4923804,0.12761962,-0.9923804,-1.7523804,-2.9523804,-5.6223803,-5.7123804,-5.68238,-7.0523806,-5.0223804,-5.39238,-7.68238,5.4476194,4.3776197,6.3976197,4.2076197,4.0576196,1.7676196,0.16761963,-0.83238035,-2.4523804,-2.0423803,-2.5323803,-2.5123804,-2.3323803,-3.0323803,-3.2623804,-3.6023803,-4.0323806,-4.5023804,-4.7323804,-5.68238,-7.1123805,-6.1523805,-5.9823804,-5.14238,-4.8323803,-4.9623804,-6.0723805,-6.2323804,-5.9623804,-5.22238,-2.4223804,-2.2423804,-0.6823804,-1.2923803,-1.2723804,-1.7823803,-0.30238038,1.2176197,2.4476197,2.6276197
-10.19238,-9.602381,-9.102381,-10.892381,-1.6623803,-2.0423803,-3.0423803,-2.0723803,-2.2723804,-2.7323804,-4.6323805,-5.43238,-4.39238,-7.39238,-4.22238,-5.1523805,-7.6023803,0.35761964,4.8876195,4.8476195,5.77762,5.2176194,3.8576195,3.5176196,2.0976195,0.25761962,-0.6623804,-1.3123803,-2.5823803,-3.4023805,-4.0923805,-3.8723803,-4.66238,-4.7123804,-5.2923803,-5.6723804,-5.64238,-5.8323803,-5.8423805,-6.6723804,-6.6723804,-6.3323803,-6.0023804,-7.7323804,-6.74238,-6.6023803,-6.0323806,-3.3723803,-2.5423803,-1.2423804,-1.9823804,-1.2523804,-2.4223804,-2.6823804,-0.7423804,1.2476196,2.9776196,1.8476197
