wind-2020-jan-13.json
{"header": { "discipline":0, "disciplineName":"Meteorological products", "gribEdition":2, "gribLength":77448, "center":7, "centerName":"US National Weather Service - NCEP(WMC)", "subcenter":0, "refTime":"2020-01-13T00:00:00.000Z", "significanceOfRT":1, "significanceOfRTName":"Start of forecast", "productStatus":0, "productStatusName":"Operational products", "productType":1, "productTypeName":"Forecast products", "productDefinitionTemplate":0, "productDefinitionTemplateName":"Analysis/forecast at horizontal level/layer at a point in time", "parameterCategory":2, "parameterCategoryName":"Momentum", "parameterNumber":2, "parameterNumberName":"U-component_of_wind", "parameterUnit":"m.s-1", "genProcessType":2, "genProcessTypeName":"Forecast", "forecastTime":0, "surface1Type":103, "surface1TypeName":"Specified height level above ground", "surface1Value":10.0, "surface2Type":255, "surface2TypeName":"Missing", "surface2Value":0.0, "gridDefinitionTemplate":0, "gridDefinitionTemplateName":"Latitude_Longitude", "numberPoints":65160, "shape":6, "shapeName":"Earth spherical with radius of 6,371,229.0 m", "gridUnits":"degrees", "resolution":48, "winds":"true", "scanMode":0, "nx":360, "ny":181, "basicAngle":0, "lo1":0.0, "la1":90.0, "lo2":359.0, "la2":-90.0, "dx":1.0, "dy":1.0 }, "data":
[rows 130 to 155 of 181, columns 290 to 347 of 360]
-3.4120922,-2.2220924,-5.392092,-4.2320924,-4.3620925,-3.6220922,-8.552093,-7.4820924,-9.062092,-7.6120925,-5.782092,-4.3420925,-3.1320922,-1.6020923,-1.2620922,-0.79209226,0.43790773,0.9379077,0.3079077,-0.3920923,-0.122092284,-0.43209228,-0.40209228,0.3279077,-1.0820923,-2.6120923,-3.8020923,-2.8020923,-1.3920922,-0.3620923,0.5579077,2.3379078,2.4879076,2.5679078,0.43790773,-1.5920923,-3.0820923,-2.8720922,-2.8320923,-2.5420923,-2.4820924,-3.7320924,0.21790771,4.5979075,6.4179077,6.507908,7.237908,9.167908,9.777907,10.247908,10.557908,11.357907,11.057908,9.777907,9.107907,8.437908,6.7679076,7.567908
-0.5520923,0.20790772,-2.8720922,-2.0920923,-6.9820924,-9.562092,-6.7320924,-3.8620923,-5.7120924,-4.432092,-3.6820922,-2.7220924,-1.5320923,-0.61209226,-0.40209228,0.13790771,1.2479078,1.4879078,0.9979077,0.83790773,-0.28209227,0.14790772,1.2179077,2.6679077,1.3579078,1.4179077,-0.73209226,-0.7420923,-0.25209227,-0.18209228,1.1279078,0.5079077,0.44790772,0.34790772,-0.012092285,-0.2620923,-0.2620923,0.24790771,0.95790774,2.0779078,4.6179075,6.1179075,7.2079077,8.927908,8.877908,9.467908,9.397907,9.667908,10.257908,10.387908,10.697907,11.117908,11.207908,10.467908,9.677908,9.117908,8.667908,8.717908
4.9179077,-0.5620923,-0.5720923,1.3479077,-4.472092,-5.052092,-7.492092,-5.1120925,-2.5020924,-1.9220923,-2.0820923,-1.4320923,-0.17209229,0.7579077,0.51790774,0.9779077,1.9279077,1.0279077,1.2079077,0.6579077,0.8679077,1.1979077,2.8079078,2.6379077,0.83790773,0.2979077,0.6079077,0.28790772,0.4279077,-0.4420923,-0.54209226,-0.5620923,0.047907714,0.5379077,0.88790774,0.6279077,1.1479077,1.8279077,2.3079078,3.3379078,4.337908,5.8279076,7.527908,8.077908,9.137908,10.577908,12.077908,12.787908,11.877908,11.397907,11.357907,11.127908,11.797908,11.497908,10.977908,10.457908,9.707908,9.247908
2.8079078,-7.262092,-6.9620924,-9.282092,-7.282092,-7.2120924,-6.322092,-1.5720923,-0.5520923,-0.7820923,-0.7820923,0.44790772,1.0179077,2.1979077,1.8679078,1.8379077,2.8379078,2.4279077,2.4479077,1.9479077,1.2779077,2.2279077,3.1379077,0.3079077,1.7579077,1.3779078,1.1779077,-0.16209228,-0.4220923,0.057907715,-0.4220923,0.057907715,-0.2920923,-0.8920923,-1.3720922,-0.34209228,0.40790772,-0.22209229,0.8079077,1.7979077,2.5679078,4.2079077,6.777908,8.977908,10.957908,11.497908,12.267908,12.787908,12.387908,11.757908,11.707908,11.087908,11.047908,11.127908,11.237907,10.437908,9.6579075,9.537908
1.9579077,-4.8620925,-3.3920922,-11.132092,-8.832092,-5.0020924,-3.8720922,-1.2520922,0.5079077,0.3079077,0.8579077,1.6579077,1.5979077,3.0479078,3.0779078,3.2479076,3.9079077,3.5379076,3.9579077,3.5679078,2.8079078,3.3979077,3.1479077,3.0579078,2.5279076,1.0879077,2.1779077,-0.7120923,-0.98209226,-0.40209228,0.5579077,-0.4220923,-1.2420923,-1.0220923,-0.16209228,-0.30209228,-1.6320922,-1.8620923,-0.18209228,0.70790774,0.28790772,0.89790773,3.0979078,6.7079077,8.147907,8.827908,11.6579075,12.387908,11.837908,12.217908,12.597908,12.457908,11.447907,10.387908,10.707908,9.097908,9.427908,9.297908
4.337908,-0.9020923,-4.2520924,-6.9620924,-5.8420925,-5.1720924,-3.7020922,-1.6320922,0.7479077,1.6879077,2.1379077,2.3879077,2.8679078,4.4079075,3.6779077,4.697908,5.1379075,5.1179075,4.6479077,4.607908,5.317908,4.5779076,3.6079078,3.0779078,2.8779078,2.4579077,1.5179077,0.037907716,0.13790771,-0.28209227,1.2279077,-0.17209229,-1.1320922,-0.8720923,-1.5620923,-2.2220924,-2.6620922,-1.9720923,-1.5520923,-1.5020922,-1.8420923,0.21790771,1.6079078,1.3179077,3.4679077,5.027908,6.9179077,8.777907,9.937908,10.987907,13.077908,13.287908,12.477908,10.187908,8.467908,8.047908,7.007908,6.6679077
4.3679075,1.0379077,-3.7320924,-4.1020923,-3.5620923,-4.3820925,-3.9220922,-1.7320923,0.9079077,2.8379078,3.6479077,4.1179075,4.6179075,5.357908,5.487908,5.967908,6.527908,7.067908,6.1679077,5.527908,5.357908,4.797908,4.1179075,2.9879076,3.4379077,3.1979077,2.1379077,1.4179077,-1.8820922,-0.22209229,0.7779077,-1.3320923,-1.6120923,-1.5620923,-1.6620923,-2.1620922,-2.6220922,-1.9920923,-2.0020924,-2.5220923,-1.4620923,-0.85209227,-0.7020923,-0.6920923,-0.5220923,-0.022092285,2.6679077,4.947908,8.717908,10.087908,11.457908,12.447907,10.817907,9.647907,7.757908,6.817908,6.6879077,5.547908
4.0579076,2.7179077,-3.5320923,-1.1420922,-2.9220922,-4.0620923,-3.9820924,-2.2320924,-0.20209229,2.3479078,4.837908,5.817908,6.5179076,7.1679077,7.0779076,7.3779078,7.8479075,7.6879077,7.8979077,7.6379075,6.4179077,6.047908,4.9779077,4.507908,4.1679077,3.8579078,1.6279078,2.6579077,-0.4420923,0.23790771,0.20790772,-0.8320923,-1.0720923,-1.1220922,-1.4320923,-1.8220923,-1.4120923,-2.1220922,-2.4420922,-1.9220923,-1.4520923,-1.5820923,-0.6820923,-1.0620923,-1.1020923,-0.8220923,0.3279077,2.0179076,3.5379076,5.9579077,6.9779077,7.6279078,8.317907,8.467908,7.107908,6.607908,5.217908,4.467908
7.007908,6.3079076,6.947908,-3.0320923,-3.5120924,-3.2220924,-3.8120923,-3.0920923,0.31790772,3.9279077,4.9379077,5.757908,6.6879077,8.277907,8.857907,8.777907,8.367908,8.287908,8.757908,8.567907,7.9579077,6.6679077,5.1879077,3.9579077,4.607908,4.4579077,1.7379078,3.0779078,2.0779078,1.2879077,0.9679077,0.18790771,0.4879077,0.18790771,-0.20209229,-0.4420923,-0.27209228,-0.7020923,-1.2520922,-1.2120923,-1.0220923,-0.9720923,-1.0920923,-1.1420922,-1.0220923,-1.0020922,-1.3020923,-1.5420923,-2.0920923,-1.3020923,-0.3620923,2.8779078,4.677908,5.1879077,4.3479075,3.0679078,2.1879077,3.2879076
7.7479076,7.337908,-0.7520923,-8.132092,-4.8820925,-2.8520923,-1.2920923,-0.5020923,2.4879076,3.7579076,5.087908,5.927908,6.087908,7.2079077,8.607907,9.077908,8.817907,7.8279076,7.717908,8.327908,8.077908,6.5379076,5.8479075,4.5179076,5.0779076,4.607908,2.4779077,3.1779077,3.7479076,2.6479077,2.8279078,2.4179077,2.2479076,2.0579078,1.6579077,1.0179077,0.9179077,0.46790773,0.10790771,0.10790771,0.007907715,0.19790772,0.3979077,0.46790773,-0.43209228,-0.5720923,-1.4920923,-2.0020924,-3.0620923,-3.1520922,-3.5420923,-4.412092,-2.9120922,-3.5320923,2.6579077,1.5079077,1.0479077,-0.31209227
8.187908,6.947908,-4.392092,-4.032092,-2.2720923,0.21790771,1.2579077,1.4879078,3.9079077,4.3979077,6.237908,7.067908,7.237908,8.287908,8.727908,8.687908,8.237907,7.567908,7.237908,7.0979075,5.5779076,5.1679077,4.4579077,3.3679078,5.027908,3.6879077,3.5979078,4.2079077,4.1879077,4.0579076,3.7679076,4.427908,4.467908,5.1379075,3.9679077,3.0279076,2.7679076,2.2379076,1.9579077,1.9779077,2.0079076,2.7079077,2.5079076,2.3779078,1.6879077,0.8679077,0.17790772,-0.5820923,-1.5620923,-2.0720923,-3.3120923,-4.682092,-5.762092,-6.4220924,-7.1320925,-7.0020924,-6.392092,-5.9020925
2.6379077,-1.2720923,-3.5420923,-2.0720923,1.6879077,3.7879076,2.5679078,3.5979078,6.007908,6.6279078,6.8279076,7.9379077,8.497908,3.9779077,4.9979076,7.567908,8.237907,8.567907,7.0179076,6.697908,4.777908,4.3479075,4.0979075,2.8979077,5.0579076,5.217908,4.337908,5.1379075,5.007908,4.6179075,4.427908,4.857908,5.177908,4.4779077,5.2879076,5.587908,4.817908,3.9179077,3.9379077,4.007908,4.4379077,5.4379077,5.1179075,4.6879077,3.6579077,2.4979076,1.6479077,0.8779077,0.06790771,-0.9720923,-1.8720922,-2.1520922,-2.4120922,-2.6920922,-3.2120924,-2.9420922,-2.5420923,-2.0620923
-0.4820923,1.3079077,0.7179077,2.6179078,5.3679075,5.6179075,5.6279078,5.6679077,7.737908,6.547908,4.2879076,2.2379076,3.8879077,5.4179077,5.987908,6.857908,7.527908,8.057908,6.427908,5.3279076,5.107908,4.337908,4.587908,4.837908,4.8079076,6.2479076,5.677908,5.107908,5.677908,5.6379075,5.777908,5.9379077,6.177908,6.3779078,6.8279076,6.427908,6.4979076,5.4779077,4.8479075,6.027908,6.4179077,7.1179075,7.067908,7.0779076,5.947908,4.6579075,3.5379076,2.7579076,1.5079077,1.0579077,0.4879077,0.49790773,0.11790772,0.017907714,0.34790772,1.0379077,2.0579078,2.5579078
1.6079078,5.3879075,5.297908,6.4179077,7.217908,9.507908,5.5779076,7.5979075,5.2079077,4.7279077,4.107908,5.837908,7.967908,8.1579075,8.4079075,8.517908,8.767908,8.387908,6.4779077,6.0579076,5.4779077,5.3779078,5.237908,5.007908,4.967908,5.197908,5.317908,4.7679076,4.817908,5.9979076,6.337908,6.2479076,6.6279078,7.9079075,8.817907,7.2479076,5.607908,7.237908,7.797908,7.857908,7.7479076,7.817908,8.057908,7.6479077,7.1479077,6.257908,5.507908,4.567908,2.9979076,1.6279078,1.5479077,1.7979077,2.2779076,2.4579077,1.8379077,2.8179078,4.0179076,4.7679076
0.76790774,2.8779078,5.4979076,8.767908,8.177908,9.917908,-0.4220923,-0.19209228,2.4079077,6.9579077,7.3479075,7.757908,9.917908,10.557908,10.367908,9.527907,9.437908,9.007908,7.6279078,6.067908,6.027908,6.487908,6.6479077,5.7879076,6.3779078,5.7679076,5.947908,5.467908,6.1379075,5.9379077,6.237908,5.947908,4.757908,3.6779077,-2.2420924,-3.4720924,4.607908,7.9079075,7.967908,7.5179076,7.8479075,7.087908,6.257908,6.337908,6.6179075,6.6679077,6.607908,5.3679075,4.947908,3.0679078,2.8779078,2.0079076,2.9179077,3.4579077,3.0079076,4.2879076,5.357908,6.277908
-0.7820923,0.5679077,-0.3520923,-3.4020922,1.8579078,4.467908,4.817908,6.1179075,6.5779076,7.947908,8.077908,8.667908,9.367908,9.957908,10.717908,10.567907,9.477908,8.237907,7.547908,5.4979076,5.3279076,6.6479077,7.2479076,6.777908,5.777908,6.4079075,6.4079075,5.607908,6.237908,5.777908,6.6879077,6.4579077,6.1479077,6.1179075,10.707908,9.467908,8.757908,8.437908,7.9379077,7.9979076,6.9979076,6.9379077,7.0779076,6.027908,6.237908,6.0579076,6.6179075,6.2679076,5.0979075,4.107908,4.5579076,2.6179078,3.4479077,3.6479077,4.087908,4.757908,4.817908,5.837908
5.0579076,6.6479077,7.177908,7.1879077,7.757908,8.327908,9.337908,9.667908,9.617908,9.047908,8.9079075,8.547908,9.667908,10.057908,9.877908,8.667908,7.8979077,8.277907,6.7479076,5.7479076,5.967908,6.007908,6.027908,6.467908,6.1379075,5.677908,6.1479077,6.337908,5.8979077,5.9179077,5.6579075,6.6679077,8.117908,8.277907,8.507908,8.777907,8.537908,7.9179077,8.027907,8.027907,7.317908,6.277908,5.737908,5.757908,5.0179076,4.237908,5.107908,5.507908,4.5579076,3.9779077,2.9779077,2.7679076,2.8079078,3.8179078,3.4179077,3.5279076,4.297908,4.607908
6.067908,7.277908,8.237907,8.447907,9.107907,9.697907,10.207908,9.817907,8.447907,8.397907,9.087908,9.557908,9.877908,9.567907,8.537908,8.117908,7.1879077,6.757908,6.257908,6.5379076,7.4979076,7.6279078,6.777908,6.467908,6.6379075,6.067908,5.567908,6.0979075,5.697908,6.067908,6.8679075,7.7679076,8.087908,8.197907,8.337908,8.047908,7.797908,7.2079077,8.517908,5.717908,6.607908,5.5179076,5.777908,5.257908,4.7679076,3.6779077,4.277908,4.257908,3.3879077,2.9079077,2.4679077,1.8379077,2.2079077,3.3779078,2.7779076,2.4179077,2.6879077,3.0279076
8.077908,8.687908,8.987907,9.487907,9.417908,9.067907,7.6479077,6.7279077,8.107907,8.427908,9.007908,8.887908,8.607907,7.9079075,7.3779078,7.297908,7.6379075,7.0379076,6.427908,6.237908,6.527908,6.4979076,6.5779076,6.967908,6.1579075,6.337908,5.8779078,6.257908,6.4079075,6.0779076,6.0179076,7.067908,7.607908,7.6279078,7.8979077,8.007908,8.267908,7.9079075,7.5979075,6.7279077,6.567908,5.5979075,5.237908,3.9879076,5.2079077,4.4379077,3.8079078,4.007908,2.3779078,1.7479078,2.3679078,1.6579077,1.9479077,2.5979078,2.4479077,2.4479077,2.6279078,2.4379077
8.537908,8.667908,8.037908,8.477908,7.7479076,6.547908,6.697908,7.2279077,7.6479077,7.6579075,7.087908,6.9079075,6.1579075,5.8979077,5.8979077,5.6579075,5.9979076,5.6479077,5.697908,5.737908,5.947908,6.4379077,6.3779078,5.967908,6.1579075,6.1879077,5.0379076,4.797908,5.4179077,5.717908,5.3779078,6.1479077,7.067908,7.9579077,8.807908,8.207908,8.027907,6.967908,7.1879077,6.1579075,5.9979076,5.0579076,3.9079077,2.9379077,3.1979077,3.2579076,2.8979077,2.5379076,1.1679077,0.9179077,1.9079077,2.2679076,1.6679077,2.3479078,1.9879078,2.1479077,1.5379077,0.6079077
8.677908,8.197907,8.567907,8.727908,7.8079076,5.8079076,6.677908,7.257908,6.8079076,6.7279077,6.3079076,5.967908,5.567908,5.0579076,4.5779076,4.5979075,5.4379077,5.337908,5.4379077,6.007908,6.2079077,6.297908,6.0579076,5.297908,4.857908,4.217908,3.8679078,4.257908,5.027908,5.4079075,5.4579077,5.6279078,7.4379077,7.697908,7.4779077,7.7479076,6.0579076,5.817908,7.2879076,6.277908,5.2479076,4.8779078,4.1279078,3.7579076,4.0579076,3.7679076,2.8979077,1.0079077,0.7979077,0.9779077,1.7779077,1.3879077,1.2979077,2.0479078,1.0579077,0.76790774,0.07790771,-1.6420922
7.527908,7.4179077,7.7279077,5.2279077,4.9779077,5.5179076,6.177908,6.6479077,6.7479076,6.4379077,6.7079077,6.7479076,6.4979076,6.177908,6.047908,4.8079076,5.2879076,5.5979075,4.5579076,4.9179077,5.5979075,5.7079077,6.007908,5.8679075,4.6579075,4.697908,4.467908,4.0579076,4.8779078,5.1679077,6.177908,7.177908,7.3879075,5.9079075,5.5779076,6.3279076,5.8879075,7.177908,6.107908,5.5179076,4.8879075,4.927908,4.697908,3.4379077,2.2379076,3.1879077,2.4679077,-0.86209226,-1.3420923,0.23790771,-1.6420922,-1.0520923,0.06790771,0.08790772,-0.43209228,-0.122092284,-2.0920923,-3.3520923
5.2679076,3.2779076,2.8879077,3.4879076,4.6879077,5.757908,6.6579075,6.717908,6.9979076,6.777908,6.567908,5.2479076,4.837908,5.7079077,6.527908,6.6479077,6.6279078,6.3779078,6.817908,5.2279077,4.6579075,5.3679075,5.9179077,5.817908,4.5379076,3.8279078,4.6379075,5.1479077,4.237908,4.0979075,4.1279078,4.4579077,4.357908,4.0179076,4.6179075,5.757908,5.2279077,5.3079076,4.6179075,4.217908,4.2879076,3.8479078,2.9779077,1.8279077,0.6279077,-0.16209228,-3.8620923,-3.8120923,-4.532092,-3.1520922,-2.4820924,-1.5320923,-0.4220923,-2.4520922,-2.6020923,-3.5020924,-4.5020924,-5.5920925
3.0279076,3.4979076,4.2079077,4.6379075,4.9979076,5.6279078,5.6379075,5.737908,6.0579076,6.5179076,7.607908,8.767908,8.367908,8.037908,5.567908,7.1379075,5.567908,5.4379077,5.8479075,5.677908,5.3879075,5.197908,5.6679077,5.817908,5.337908,4.9779077,4.8479075,4.2079077,4.2479076,4.027908,3.3879077,3.8979077,6.4579077,7.1579075,6.5179076,5.3879075,4.447908,4.0979075,3.4279077,3.1579077,2.8079078,2.1779077,0.5679077,-0.6820923,-2.9620924,-4.782092,-4.9220924,-5.202092,-4.1920924,-3.9320922,-2.4720924,-2.2520924,-3.4220922,-3.0120924,-4.0220923,-4.5020924,-5.1220922,-5.552092
4.487908,4.6579075,4.7879076,4.1679077,3.3979077,3.7179077,3.6479077,4.3979077,-0.79209226,1.7679077,0.82790774,0.6079077,0.6679077,1.1979077,2.3479078,3.5579078,3.4179077,3.3679078,3.7079077,3.8979077,4.0579076,4.6379075,5.177908,4.987908,4.987908,5.0979075,4.217908,3.6379077,3.7079077,3.3579078,3.9079077,3.8879077,5.027908,5.1679077,3.9279077,3.8979077,3.3579078,2.7379076,2.7779076,2.0879078,1.5579077,0.6979077,-0.5320923,-1.8720922,-3.2820923,-3.9720924,-3.5720923,-3.6720922,-3.2720923,-3.4220922,-2.2120924,-4.0420923,-3.7620924,-3.8020923,-4.012092,-3.6620922,-4.5220923,-5.262092
3.5679078,3.7379076,3.9379077,3.3179078,1.0979077,-2.7820923,0.007907715,0.40790772,3.6479077,0.8679077,0.14790772,1.2079077,1.8279077,2.5779078,3.1779077,3.4479077,3.5079076,3.5479078,3.1179078,2.1679077,2.9779077,3.5679078,4.217908,4.587908,3.7779076,2.8279078,1.5779077,1.5979077,1.1379077,0.9479077,1.8579078,3.2379076,3.5679078,3.1479077,3.0879078,2.7079077,2.3579078,1.9479077,0.4279077,0.21790771,0.07790771,-0.7520923,-1.4920923,-2.0720923,-2.4620924,-2.5120924,-2.7520924,-2.9720924,-3.1620922,-2.7220924,-2.7420924,-3.2820923,-3.4220922,-2.9220922,-3.0020924,-2.5420923,-3.4120922,-3.8120923
