wind-2020-jan-13.json
{"header": { "discipline":0, "disciplineName":"Meteorological products", "gribEdition":2, "gribLength":77484, "center":7, "centerName":"US National Weather Service - NCEP(WMC)", "subcenter":0, "refTime":"2020-01-13T00:00:00.000Z", "significanceOfRT":1, "significanceOfRTName":"Start of forecast", "productStatus":0, "productStatusName":"Operational products", "productType":1, "productTypeName":"Forecast products", "productDefinitionTemplate":0, "productDefinitionTemplateName":"Analysis/forecast at horizontal level/layer at a point in time", "parameterCategory":2, "parameterCategoryName":"Momentum", "parameterNumber":3, "parameterNumberName":"V-component_of_wind", "parameterUnit":"m.s-1", "genProcessType":2, "genProcessTypeName":"Forecast", "forecastTime":0, "surface1Type":103, "surface1TypeName":"Specified height level above ground", "surface1Value":10.0, "surface2Type":255, "surface2TypeName":"Missing", "surface2Value":0.0, "gridDefinitionTemplate":0, "gridDefinitionTemplateName":"Latitude_Longitude", "numberPoints":65160, "shape":6, "shapeName":"Earth spherical with radius of 6,371,229.0 m", "gridUnits":"degrees", "resolution":48, "winds":"true", "scanMode":0, "nx":360, "ny":181, "basicAngle":0, "lo1":0.0, "la1":90.0, "lo2":359.0, "la2":-90.0, "dx":1.0, "dy":1.0 }, "data":
[rows 25 to 49 of 181, columns 0 to 57 of 360]
7.7276196,7.6376195,7.5576196,7.2076197,6.5376196,6.35762,6.7676196,7.0376196,7.3876195,7.7176194,7.6476197,7.81762,4.3876195,3.6976197,3.2276196,2.8576195,2.1976197,3.0276196,2.1276197,1.7876196,1.3976196,1.0676197,2.6676197,1.6476196,1.3676196,3.1476197,1.3476197,1.0476196,0.43761963,-0.43238038,0.08761963,-0.11238037,-0.5423804,-1.0223804,-1.9423804,-4.5523806,-5.97238,-3.6123803,-5.6523805,-7.3323803,-6.5023804,-1.8723804,-1.2323804,-0.84238034,-0.28238037,-0.40238038,-0.07238037,1.5676197,1.3276197,1.4076196,2.4476197,2.7876196,3.1876197,3.1276197,3.4976196,3.6776197,4.1876197,4.35762
8.147619,7.9176197,7.7476196,7.54762,7.52762,7.58762,7.33762,7.6176195,8.08762,7.9976196,8.92762,5.3676195,4.2476196,3.7976196,2.3476195,1.9976196,2.2576196,2.0476196,1.3776196,0.78761965,1.6576196,4.0176196,3.7176197,2.9376197,1.6876197,1.2176197,1.1576196,0.91761965,0.17761964,-0.38238037,-0.8023804,-0.43238038,-0.13238037,-0.9323804,-1.1323804,-1.7623804,-1.8823804,-4.91238,-3.6023803,-2.1923804,-2.5523803,-3.1623805,-2.8423803,-1.3323804,0.9976196,1.8676196,1.2176197,0.71761966,0.80761963,0.8876196,1.9576197,3.0476196,3.0976195,2.8876197,3.2976196,3.4576197,3.6976197,5.29762
10.74762,9.26762,8.317619,8.147619,8.38762,9.07762,10.30762,11.227619,3.6776197,3.5476196,4.8076196,5.1476197,4.58762,2.4476197,1.5976197,2.4376197,2.0576196,1.9776196,-0.12238037,2.1976197,2.2176197,3.5376196,2.2576196,1.9176196,1.2376196,0.5776196,0.41761962,0.34761962,-0.14238037,-0.71238035,-0.7323804,-1.1523803,-0.83238035,-0.7923804,-1.2523804,-0.6723804,-1.1323804,-1.6123804,-1.4723804,-1.1423804,-1.1023804,-0.52238035,-0.032380372,0.45761964,0.7676196,1.0876197,0.78761965,1.2776196,0.65761966,0.61761963,1.1576196,2.5176196,2.4476197,2.8476195,2.9476197,3.6376197,4.04762,4.77762
12.03762,10.32762,9.42762,9.3676195,9.58762,11.46762,2.9976196,5.04762,3.2176197,1.6476196,3.4576197,3.3676195,1.5076196,1.5876197,2.0476196,2.1176195,1.3976196,0.8776196,2.4576197,3.5976195,2.9476197,2.7876196,2.1676197,1.7376196,1.1276196,0.59761965,0.48761964,0.43761963,0.037619628,-0.6023804,-1.4223803,-1.1123804,-0.89238036,-0.15238038,0.017619628,-1.7223804,-0.59238034,0.017619628,-0.05238037,-0.5423804,-0.5423804,-0.53238034,-0.53238034,1.1776196,0.48761964,0.7576196,0.8776196,0.85761964,0.49761963,1.3476197,0.79761964,1.0676197,2.2276196,2.4876196,2.5376196,3.4476197,4.6776195,5.1676197
11.157619,10.527619,9.78762,9.33762,9.09762,7.2076197,3.6276197,4.6876197,3.1176195,1.7676196,0.5176196,-0.02238037,0.8176196,1.5976197,2.3776197,1.8876196,2.1076195,1.6276196,4.1376195,4.02762,2.6476197,2.3376195,1.6476196,1.6176196,0.8776196,-0.22238037,-0.08238037,-0.53238034,-0.8523804,-1.4323803,-0.69238037,-2.9023805,-3.4623804,-0.69238037,-0.12238037,0.6876196,1.0776197,-1.0323803,-0.7923804,-0.20238037,0.117619626,-0.16238037,-0.5523804,-0.7323804,0.36761963,0.54761964,0.47761962,1.2176197,1.2776196,1.5576196,1.0676197,2.3576195,2.8176196,2.5676196,2.8876197,3.6376197,4.5976195,4.83762
10.46762,8.92762,8.277619,8.067619,7.4776196,6.6676197,4.7476196,3.6176195,2.8776197,0.40761963,0.66761965,1.4776196,2.2176197,1.6476196,2.1676197,2.2176197,1.5576196,1.5576196,1.7376196,1.1576196,0.09761963,-0.22238037,-0.26238036,-0.6223804,-1.4123803,-2.1823804,-2.8023803,-3.2323804,-2.4723804,-1.3623804,-2.0023804,-0.44238037,0.49761963,0.32761964,-0.15238038,-0.96238035,-0.8023804,-0.32238036,0.017619628,0.12761962,0.117619626,0.39761963,0.53761965,1.4476197,1.3776196,1.2776196,1.3776196,1.4676197,1.7276196,2.3676195,2.2676196,2.3376195,2.6076195,3.1476197,3.1776197,4.5176196,4.8876195,4.9876194
9.45762,7.85762,6.2476196,6.2676196,5.6376195,4.77762,3.6076195,1.5376196,0.5776196,0.96761966,2.0676196,3.9476197,1.7276196,3.2276196,3.9676197,1.4076196,1.1676196,1.1276196,0.7076196,0.97761965,1.3576196,-0.58238035,-1.8723804,-1.1523803,-0.29238036,-0.34238037,-0.39238036,-0.6123804,-0.33238038,-0.6623804,-0.53238034,-0.31238037,0.91761965,1.7176197,0.15761963,0.13761963,0.09761963,0.16761963,0.6276196,0.60761964,1.4476197,1.2476196,1.4976196,1.6676196,0.97761965,1.4376197,1.7576196,2.5376196,2.8776197,2.7876196,3.0476196,3.0076196,2.8276196,2.8976197,3.1276197,3.9876196,4.4676194,5.1276197
9.38762,7.1176195,6.0176196,5.3776197,4.5576196,4.4976196,1.7276196,-0.46238038,-0.22238037,-0.13238037,1.6876197,3.8276196,2.1476197,1.6376196,1.3676196,1.0076196,0.48761964,-0.10238037,-0.13238037,0.98761964,0.037619628,-0.032380372,0.31761962,0.6376196,0.117619626,0.55761963,0.34761962,0.18761963,-0.30238038,-0.40238038,-0.21238036,0.13761963,0.9376196,1.2776196,0.31761962,0.117619626,0.15761963,0.7476196,0.6476196,1.3876196,1.0076196,1.8576196,1.3176197,1.4876196,1.8676196,1.5776197,1.7076197,1.5476196,2.0476196,2.9376197,3.8676195,4.83762,4.8076196,3.8976197,3.6376197,4.2176194,4.4076195,4.79762
7.7076197,6.2276196,4.8976197,3.8476195,3.0776196,2.3576195,0.80761963,0.37761962,0.35761964,1.6476196,1.9276196,2.5876195,2.2076197,0.6376196,0.25761962,-0.14238037,0.26761964,1.9876196,1.1276196,0.6476196,0.79761964,1.5576196,1.1776196,0.92761964,1.6376196,0.73761964,0.46761963,1.0576196,1.3976196,1.3576196,0.65761966,0.90761966,0.15761963,0.30761963,0.92761964,1.3376197,1.5076196,1.4476197,2.0876195,1.3376197,2.0476196,1.9376197,2.0976195,2.0976195,1.7376196,1.8476197,1.9476197,3.5976195,3.8276196,4.9976196,5.1376195,4.0776196,4.2176194,3.8176196,6.2876196,6.8876195,5.6776195,8.1176195
7.29762,5.3076196,3.8776197,3.0076196,2.9276197,2.4776196,0.8776196,0.3876196,1.5076196,1.9476197,1.1876197,2.1776197,0.8276196,0.66761965,0.15761963,0.34761962,0.90761966,-0.05238037,1.6576196,1.5676197,0.44761962,0.71761966,1.7976196,1.6076196,1.0976197,1.2276196,0.90761966,1.0276196,0.7476196,0.7676196,0.6376196,0.8976196,0.92761964,1.0376196,1.5676197,1.7876196,1.9376197,1.6376196,2.0876195,2.1776197,2.1776197,2.3476195,1.9776196,2.3176196,2.5576196,2.2276196,3.0276196,3.8776197,3.7976196,4.8676195,4.8076196,5.3876195,6.08762,5.81762,5.58762,6.3776197,7.0376196,5.5376196
7.1676197,6.2676196,5.1176195,4.1876197,2.5876195,1.5276196,0.9476196,0.53761965,0.9576196,1.0476196,0.85761964,-0.16238037,-1.0923804,-1.1023804,-1.3823804,-0.64238036,0.7476196,3.2676196,5.1576195,3.4376197,2.8476195,3.7376196,2.6776197,2.4676197,2.7876196,2.6976197,1.7476196,2.5976195,1.1476196,1.3276197,1.0076196,1.4576197,1.3576196,1.4276196,0.8776196,1.0176196,1.7776196,1.0576196,1.2076197,1.6076196,1.6876197,1.4776196,1.9676197,2.2676196,2.2276196,3.8476195,4.2376194,3.8176196,4.04762,5.6276197,5.7476196,7.31762,7.4576197,7.25762,7.2676196,5.7076197,5.2876196,4.1476197
7.2376194,6.6976194,5.4076195,4.10762,2.9276197,2.1676197,1.6576196,1.5576196,1.5676197,0.5776196,0.19761963,0.21761963,1.4576197,1.8076196,1.8176197,3.0176196,3.5376196,2.5076196,1.9176196,2.4976196,2.1076195,2.1776197,1.7676196,1.9076196,1.8176197,2.3276196,1.9376197,2.1076195,1.7076197,1.4176196,1.9376197,2.1876197,2.4976196,1.9076196,1.7376196,2.4076197,2.6276197,2.6676197,2.8676195,1.9876196,2.1176195,2.8176196,3.7776196,3.7276196,3.9576197,4.56762,4.04762,4.50762,4.9276195,6.79762,6.6676197,6.0976195,6.8076196,6.5576196,5.4276195,5.25762,5.35762,2.7576196
4.4476194,6.4276195,5.6676197,5.4376197,4.00762,3.5476196,2.1276197,2.1776197,2.1076195,1.6676196,0.96761966,0.66761965,2.2276196,3.0476196,2.0176196,3.2076197,2.2476196,3.0876195,2.6476197,1.9176196,1.2876196,1.6776196,1.8276197,2.6076195,2.7776196,3.0376196,2.4776196,2.2076197,2.1276197,2.0776196,2.1376197,2.0676196,2.4076197,0.9976196,0.9376196,1.5376196,1.5176196,0.67761964,-0.11238037,-0.19238037,1.2276196,3.0576196,2.9076197,3.6476197,4.33762,5.33762,4.8876195,4.2676196,5.5176196,5.2376194,4.81762,4.9276195,3.3776197,4.4876194,4.83762,4.35762,2.7076197,1.2376196
4.2376194,3.8676195,4.7476196,3.3876197,4.7376194,2.6176195,2.1576197,3.0776196,2.3676195,2.0476196,2.9176197,1.6576196,4.27762,3.3676195,2.4676197,1.6176196,2.2876196,1.6576196,1.4276196,1.8376197,1.7676196,1.3176197,2.3876197,2.7876196,2.6776197,2.9176197,2.7476196,2.6376197,2.1276197,2.0876195,1.7776196,1.5676197,1.1576196,0.8776196,1.1676196,1.2676196,1.3876196,1.4276196,1.9576197,2.3676195,3.3276196,3.9576197,4.1176195,4.6976194,4.7676196,4.29762,3.0076196,3.8776197,3.6676197,3.9376197,4.3976197,4.4776196,4.1476197,3.1176195,3.2476196,2.6376197,2.1376197,1.8576196
2.4976196,2.0776196,3.9076197,4.3676195,4.1976194,3.1876197,2.3776197,0.91761965,1.9176196,3.6376197,3.5176196,4.3076196,5.0376196,4.3076196,0.8776196,4.33762,2.7776196,2.3676195,2.6976197,3.8576195,1.8276197,2.0376196,4.3676195,3.8976197,2.7876196,2.9776196,2.4476197,2.0076196,1.7576196,1.7376196,1.4476197,1.0576196,1.1776196,1.1776196,1.4176196,1.5876197,2.7276196,3.4376197,4.0376196,4.1276197,3.9976196,4.31762,3.4676197,3.3676195,2.4476197,2.5076196,1.7676196,2.4976196,2.5976195,2.7076197,2.3476195,2.6676197,3.4376197,3.3676195,3.0076196,2.8176196,2.2776196,2.2176197
5.6776195,6.1676197,3.3576195,2.5276196,2.6076195,1.6676196,1.9276196,1.3576196,1.4076196,1.8376197,2.3576195,2.2676196,1.1376196,0.46761963,1.2176197,1.5176196,1.3276197,0.53761965,5.2376194,1.7576196,0.43761963,2.4976196,5.9876194,1.1876197,2.6776197,2.4076197,1.0676197,1.7876196,1.7976196,1.3476197,1.3176197,1.5976197,1.6376196,2.2176197,2.8576195,3.2476196,3.2876196,3.8176196,3.8376195,3.0976195,2.8176196,2.0476196,1.6176196,0.71761966,0.12761962,0.14761963,0.55761963,0.0076196287,0.37761962,0.98761964,2.1076195,2.7476196,2.3976197,2.0976195,1.9576197,1.9476197,1.0376196,0.8176196
2.5876195,2.1576197,2.5876195,3.0476196,2.8176196,3.4676197,2.1876197,3.4376197,3.3476195,2.0276196,1.9776196,0.7476196,0.45761964,0.6376196,1.7976196,0.48761964,0.037619628,2.1476197,1.8476197,3.0876195,0.45761964,0.84761965,2.9676197,3.7776196,2.7376196,0.79761964,0.16761963,0.66761965,1.4976196,1.2376196,1.6776196,2.3476195,2.4876196,2.6376197,2.2676196,2.9976196,2.7076197,2.4676197,2.3176196,1.6576196,1.0776197,0.66761965,-0.012380371,-0.7323804,-0.69238037,-2.7223804,-2.4623804,-1.7723804,-0.41238037,0.5676196,1.4776196,2.1576197,1.6176196,1.2376196,1.0376196,1.2476196,1.2076197,0.61761963
2.1676197,2.6076195,2.6176195,2.9976196,2.8576195,2.5276196,1.7676196,-0.032380372,1.0976197,1.0276196,2.2276196,1.1576196,0.07761963,0.8776196,0.057619628,1.0176196,0.7776196,3.1976197,2.3176196,1.0976197,1.3576196,2.9676197,2.6976197,1.1076196,0.25761962,2.0876195,0.33761963,0.96761966,1.9876196,1.7076197,1.9176196,1.8476197,1.7576196,1.9976196,1.8076196,1.5676197,1.1476196,0.7076196,0.07761963,-0.06238037,-0.26238036,-0.16238037,-1.1723803,-2.8123803,-2.4323804,-3.6523805,-4.1523805,-3.7323804,-2.0823803,0.7776196,2.0376196,2.5676196,2.0176196,1.5576196,1.3476197,1.0776197,0.59761965,0.28761962
3.4276197,4.1176195,1.6676196,1.7076197,0.80761963,1.6376196,0.5676196,-0.35238037,1.1776196,0.6376196,1.0476196,1.3476197,-2.1723804,-2.8023803,-1.0823804,-0.3623804,0.9976196,3.4476197,2.2476196,2.7176197,1.8576196,1.4976196,0.66761965,0.45761964,-0.092380375,-0.57238036,0.42761964,2.0776196,1.8576196,2.1576197,2.5776196,1.5976197,0.92761964,0.43761963,0.55761963,0.25761962,-0.25238037,-0.52238035,-1.6323804,-2.0023804,-1.0923804,-1.6523803,-2.2223804,-2.0423803,-3.1123803,-3.4823804,-3.6723804,0.28761962,-0.16238037,-0.092380375,-0.9223804,1.9476197,1.5176196,2.4176197,1.6976197,0.8176196,0.60761964,-1.0723804
4.6976194,1.3676196,0.59761965,0.9576196,0.8276196,-0.5423804,-0.8123804,0.21761963,-0.8723804,-0.94238037,-1.6923804,-1.2223804,-1.7523804,-1.3323804,-1.0123804,0.117619626,0.8376196,1.6676196,1.6876197,1.0276196,0.8876196,0.90761966,-0.76238036,-0.16238037,0.12761962,-0.11238037,0.18761963,-0.59238034,3.3976197,3.3676195,1.9976196,2.0476196,-0.64238036,-1.5123804,-0.52238035,-2.4323804,-3.1323805,-3.9423804,-3.4123805,-1.1123804,-1.1323804,-1.3023803,-1.5423803,-2.2523804,-2.7623804,-3.5323803,-3.7423804,-1.9023803,-0.63238037,-0.31238037,-0.52238035,-2.1523805,3.8776197,3.3576195,2.6876197,2.2976196,1.4076196,1.1276196
1.7176197,0.36761963,-0.17238037,-1.0523803,0.30761963,-2.4223804,-1.3223804,-0.11238037,-0.89238036,-0.51238036,-0.57238036,-0.38238037,-0.6123804,-1.9523804,-1.5523803,0.037619628,0.7676196,0.8176196,0.60761964,0.78761965,-0.78238034,-0.02238037,-0.5023804,-0.05238037,-0.16238037,-1.1623803,-0.31238037,3.8776197,3.6176195,2.3576195,1.6276196,-1.1523803,-1.8223804,-2.0323803,0.8876196,-0.7323804,-5.0223804,-6.6523805,-1.3123803,-1.2223804,-0.9123804,-0.82238036,-0.6623804,-2.3423803,-2.6323805,-2.5323803,-3.5323803,-2.3523803,-2.8023803,-1.5223804,-0.9223804,-1.2923803,2.5876195,4.6276197,3.0576196,3.5176196,3.2276196,3.0076196
1.3476197,0.54761964,-0.78238034,-0.6123804,-1.7123804,-2.0323803,-2.0123804,-1.4923804,-1.9123803,-1.7323804,-1.0023804,-2.8023803,0.60761964,-0.8123804,0.96761966,0.8776196,-1.0023804,1.3376197,1.1476196,1.6076196,0.6376196,1.6376196,-0.012380371,-0.41238037,0.17761964,-0.30238038,0.6276196,2.4776196,1.3176197,-0.002380371,-0.7323804,-2.1923804,-2.7123804,-6.0723805,1.2576196,-1.0223804,-7.0923805,-7.3723803,-8.762381,-8.61238,0.20761962,-0.9323804,-0.51238036,-0.70238036,-1.2123804,-0.12238037,-1.8423804,-1.0623803,-3.0223804,-5.95238,-5.9223804,0.5076196,2.5776196,2.4676197,4.2076197,3.3076196,3.1076195,2.5376196
1.7876196,0.40761963,0.60761964,-2.0023804,-4.3523803,-4.3723803,-1.2123804,0.31761962,1.6976197,0.6976196,-3.7923803,-1.5823804,-0.59238034,0.06761963,-0.8023804,1.2176197,1.2476196,0.28761962,0.04761963,0.31761962,1.6376196,1.7576196,0.7576196,0.86761963,1.4076196,0.09761963,1.1176196,0.32761964,-1.5723804,-1.6123804,-1.5923804,-2.5423803,-2.8723803,-4.43238,-1.6923804,-3.7023804,-5.8323803,-7.6323805,-8.53238,-8.682381,-3.5423803,0.18761963,-0.46238038,0.027619628,0.3876196,0.60761964,-1.6523803,-2.4923804,-6.5623803,-7.4023805,-6.9023805,-4.3523803,0.36761963,0.20761962,-0.12238037,2.3776197,2.4476197,2.8776197
-0.6723804,-1.2023804,-0.9823804,-0.29238036,-0.6823804,-4.4423804,-1.2423804,-1.3523804,-2.9023805,-0.17238037,-5.5123806,-1.4523804,-1.0023804,-0.58238035,0.98761964,-0.5523804,0.7576196,0.73761964,0.8776196,-1.7523804,-0.77238035,0.47761962,-0.38238037,-0.16238037,-0.12238037,0.72761965,-0.20238037,-0.6723804,-1.9923804,-3.0223804,-3.2623804,-3.6123803,-2.9623804,-0.57238036,-1.1523803,-4.5223804,-6.0223804,-5.91238,-6.22238,-6.18238,-4.7323804,-2.0323803,0.9476196,-1.6923804,-0.40238038,0.13761963,-2.2823803,2.7576196,-0.53238034,-9.432381,-5.5723805,-6.6923804,0.6876196,4.06762,4.79762,2.7776196,3.0876195,3.1076195
1.2576196,-1.7623804,-0.29238036,1.0676197,-2.8023803,-2.8923805,-2.5423803,-3.8923805,-3.0523803,1.1876197,-2.8223803,-2.2223804,-2.0723803,1.9276196,-2.4123805,0.85761964,0.09761963,-0.5523804,-2.2723804,-0.31238037,-0.46238038,1.0776197,-0.49238038,-1.0023804,0.14761963,-1.5823804,-2.6223803,-1.6323804,-3.5123804,-2.8823805,-0.7223804,-0.02238037,-0.6623804,-0.9923804,-0.3623804,-0.57238036,0.09761963,-0.49238038,-0.20238037,-1.7223804,-4.16238,-1.7823803,-2.9723804,-0.65238035,-0.3623804,1.8976196,-1.4523804,0.13761963,0.19761963,-1.5823804,-8.092381,-7.5323806,0.25761962,3.4776196,1.9676197,1.0876197,2.1576197,2.4276197
